//tasks machines configs edges
13 3 7 20
//Pij
22.00 15.00 17.00 
15.00 25.00 5.00 
22.00 5.00 9.00 
19.00 19.00 16.00 
16.00 20.00 24.00 
16.00 14.00 9.00 
22.00 5.00 9.00 
19.00 19.00 16.00 
15.00 12.00 21.00 
9.00 21.00 3.00 
5.00 6.00 25.00 
15.00 12.00 21.00 
10.00 17.00 24.00 
//Dependencies tareaPrevia TareaSiguiente costo
1 2 18.0 
1 3 10.0 
1 4 6.0 
1 5 10.0 
1 6 14.0 
1 7 10.0 
1 8 6.0 
2 10 18.0 
3 9 22.0 
4 9 14.0 
4 10 26.0 
4 11 22.0 
5 11 10.0 
6 10 14.0 
7 12 22.0 
8 12 14.0 
9 13 18.0 
10 13 10.0 
11 13 14.0 
12 13 18.0 
